0 425 30 160 1 1 0
15 mob_02_72bandit 0 -1
0.950393 0.296626 -0.0936291 0 -0.201877 0.35921 -0.911161 0 -0.236642 0.884862 0.401273 0 1.18833 1.25578 0.344183 1
0
97 128 1
0.928836 2.94088 -3.07096 0.0634138 0.917672 -0.392245 1 1 1 1 0.349452 0.0603138 1 -1.07374e+08 -1.07374e+08 -1.07374e+08 25 -1.07374e+08 -1.07374e+08 -1.07374e+08 -1.07374e+08 -1.07374e+08 -1.07374e+08 1 -1.07374e+08 -1.07374e+08 -1.07374e+08 -1.07374e+08
1.01007 3.2995 -2.92471 0.474245 0.177265 0.862363 1 1 1 1 0.332355 0.0317336 1 -1.07374e+08 -1.07374e+08 -1.07374e+08 25 -1.07374e+08 -1.07374e+08 -1.07374e+08 -1.07374e+08 -1.07374e+08 -1.07374e+08 1 -1.07374e+08 -1.07374e+08 -1.07374e+08 -1.07374e+08
0.955798 2.97148 -2.97335 0.89031 -0.207671 -0.405242 1 1 1 1 0.335008 0.0603137 1 -1.07374e+08 -1.07374e+08 -1.07374e+08 25 -1.07374e+08 -1.07374e+08 -1.07374e+08 -1.07374e+08 -1.07374e+08 -1.07374e+08 1 -1.07374e+08 -1.07374e+08 -1.07374e+08 -1.07374e+08
0.884858 2.55159 -2.76868 0.875347 -0.226989 -0.4269 1 1 1 1 0.321717 0.108052 1 -1.07374e+08 -1.07374e+08 -1.07374e+08 25 -1.07374e+08 -1.07374e+08 -1.07374e+08 -1.07374e+08 -1.07374e+08 -1.07374e+08 1 -1.07374e+08 -1.07374e+08 -1.07374e+08 -1.07374e+08
0.840519 2.51463 -2.99132 -0.12928 0.726454 -0.674945 1 1 1 1 0.349452 0.108052 1 -1.07374e+08 -1.07374e+08 -1.07374e+08 25 -1.07374e+08 -1.07374e+08 -1.07374e+08 -1.07374e+08 -1.07374e+08 -1.07374e+08 1 -1.07374e+08 -1.07374e+08 -1.07374e+08 -1.07374e+08
0.946009 2.96718 -2.71496 0.483302 0.251645 0.838507 1 1 1 1 0.301933 0.0691466 1 -1.07374e+08 -1.07374e+08 -1.07374e+08 25 -1.07374e+08 -1.07374e+08 -1.07374e+08 -1.07374e+08 -1.07374e+08 -1.07374e+08 1 -1.07374e+08 -1.07374e+08 -1.07374e+08 -1.07374e+08
0.898979 2.73826 -2.65983 0.114439 -0.74608 0.655948 1 1 1 1 0.301933 0.108052 1 -1.07374e+08 -1.07374e+08 -1.07374e+08 25 -1.07374e+08 -1.07374e+08 -1.07374e+08 -1.07374e+08 -1.07374e+08 -1.07374e+08 1 -1.07374e+08 -1.07374e+08 -1.07374e+08 -1.07374e+08
0.772513 2.15048 -2.69412 -0.487475 -0.552161 -0.676377 1 1 1 1 0.349452 0.166937 1 -1.07374e+08 -1.07374e+08 -1.07374e+08 25 -1.07374e+08 -1.07374e+08 -1.07374e+08 -1.07374e+08 -1.07374e+08 -1.07374e+08 1 -1.07374e+08 -1.07374e+08 -1.07374e+08 -1.07374e+08
0.804622 2.25936 -2.70348 0.599287 -0.512824 -0.614709 1 1 1 1 0.339016 0.162284 1 -1.07374e+08 -1.07374e+08 -1.07374e+08 25 -1.07374e+08 -1.07374e+08 -1.07374e+08 -1.07374e+08 -1.07374e+08 -1.07374e+08 1 -1.07374e+08 -1.07374e+08 -1.07374e+08 -1.07374e+08
0.846934 2.32911 -2.50276 0.884331 -0.250759 -0.393799 1 1 1 1 0.321716 0.166841 1 -1.07374e+08 -1.07374e+08 -1.07374e+08 25 -1.07374e+08 -1.07374e+08 -1.07374e+08 -1.07374e+08 -1.07374e+08 -1.07374e+08 1 -1.07374e+08 -1.07374e+08 -1.07374e+08 -1.07374e+08
0.800213 2.15131 -2.44474 0.6265 0.235901 -0.742865 1 1 1 1 0.336043 0.183696 1 -1.07374e+08 -1.07374e+08 -1.07374e+08 25 -1.07374e+08 -1.07374e+08 -1.07374e+08 -1.07374e+08 -1.07374e+08 -1.07374e+08 1 -1.07374e+08 -1.07374e+08 -1.07374e+08 -1.07374e+08
0.818513 2.25424 -2.55721 0.395389 -0.117683 -0.910944 1 1 1 1 0.335368 0.171267 1 -1.07374e+08 -1.07374e+08 -1.07374e+08 25 -1.07374e+08 -1.07374e+08 -1.07374e+08 -1.07374e+08 -1.07374e+08 -1.07374e+08 1 -1.07374e+08 -1.07374e+08 -1.07374e+08 -1.07374e+08
0.782684 1.91412 -1.96827 0.870916 -0.252695 -0.421487 1 1 1 1 0.321716 0.24636 1 -1.07374e+08 -1.07374e+08 -1.07374e+08 25 -1.07374e+08 -1.07374e+08 -1.07374e+08 -1.07374e+08 -1.07374e+08 -1.07374e+08 1 -1.07374e+08 -1.07374e+08 -1.07374e+08 -1.07374e+08
0.782684 1.91412 -1.96827 0.870916 -0.252695 -0.421487 1 1 1 1 0.279279 0.073772 1 -1.07374e+08 -1.07374e+08 -1.07374e+08 25 -1.07374e+08 -1.07374e+08 -1.07374e+08 -1.07374e+08 -1.07374e+08 -1.07374e+08 1 -1.07374e+08 -1.07374e+08 -1.07374e+08 -1.07374e+08
0.672123 1.49851 -1.50426 -0.417146 0.0992524 -0.903404 1 1 1 1 0.251544 0.185608 1 -1.07374e+08 -1.07374e+08 -1.07374e+08 25 -1.07374e+08 -1.07374e+08 -1.07374e+08 -1.07374e+08 -1.07374e+08 -1.07374e+08 1 -1.07374e+08 -1.07374e+08 -1.07374e+08 -1.07374e+08
0.708455 1.75698 -2.08274 -0.397507 0.167373 -0.902206 1 1 1 1 0.251544 0.073772 1 -1.07374e+08 -1.07374e+08 -1.07374e+08 25 -1.07374e+08 -1.07374e+08 -1.07374e+08 -1.07374e+08 -1.07374e+08 -1.07374e+08 1 -1.07374e+08 -1.07374e+08 -1.07374e+08 -1.07374e+08
0.732216 1.61979 -1.44254 0.871228 -0.255395 -0.419207 1 1 1 1 0.279279 0.185608 1 -1.07374e+08 -1.07374e+08 -1.07374e+08 25 -1.07374e+08 -1.07374e+08 -1.07374e+08 -1.07374e+08 -1.07374e+08 -1.07374e+08 1 -1.07374e+08 -1.07374e+08 -1.07374e+08 -1.07374e+08
0.653347 1.3565 -1.1499 -0.492711 -0.415907 -0.764367 1 1 1 1 0.251544 0.246513 1 -1.07374e+08 -1.07374e+08 -1.07374e+08 25 -1.07374e+08 -1.07374e+08 -1.07374e+08 -1.07374e+08 -1.07374e+08 -1.07374e+08 1 -1.07374e+08 -1.07374e+08 -1.07374e+08 -1.07374e+08
0.705655 1.44367 -1.10393 0.480099 -0.809478 -0.338009 1 1 1 1 0.279279 0.246513 1 -1.07374e+08 -1.07374e+08 -1.07374e+08 25 -1.07374e+08 -1.07374e+08 -1.07374e+08 -1.07374e+08 -1.07374e+08 -1.07374e+08 1 -1.07374e+08 -1.07374e+08 -1.07374e+08 -1.07374e+08
0.726354 1.73513 -1.38817 0.381996 -0.216315 0.898491 1 1 1 1 0.299063 0.185608 1 -1.07374e+08 -1.07374e+08 -1.07374e+08 25 -1.07374e+08 -1.07374e+08 -1.07374e+08 -1.07374e+08 -1.07374e+08 -1.07374e+08 1 -1.07374e+08 -1.07374e+08 -1.07374e+08 -1.07374e+08
0.696378 1.54397 -1.05595 0.181636 -0.650035 0.737877 1 1 1 1 0.299063 0.246513 1 -1.07374e+08 -1.07374e+08 -1.07374e+08 25 -1.07374e+08 -1.07374e+08 -1.07374e+08 -1.07374e+08 -1.07374e+08 -1.07374e+08 1 -1.07374e+08 -1.07374e+08 -1.07374e+08 -1.07374e+08
0.780101 2.06048 -1.86966 0.366186 -0.262671 0.892699 1 1 1 1 0.299063 0.073772 1 -1.07374e+08 -1.07374e+08 -1.07374e+08 25 -1.07374e+08 -1.07374e+08 -1.07374e+08 -1.07374e+08 -1.07374e+08 -1.07374e+08 1 -1.07374e+08 -1.07374e+08 -1.07374e+08 -1.07374e+08
0.844314 2.44082 -2.3899 0.342113 -0.327629 0.880692 1 1 1 1 0.301933 0.166189 1 -1.07374e+08 -1.07374e+08 -1.07374e+08 25 -1.07374e+08 -1.07374e+08 -1.07374e+08 -1.07374e+08 -1.07374e+08 -1.07374e+08 1 -1.07374e+08 -1.07374e+08 -1.07374e+08 -1.07374e+08
0.780101 2.06048 -1.86966 0.366186 -0.262671 0.892699 1 1 1 1 0.301933 0.24636 1 -1.07374e+08 -1.07374e+08 -1.07374e+08 25 -1.07374e+08 -1.07374e+08 -1.07374e+08 -1.07374e+08 -1.07374e+08 -1.07374e+08 1 -1.07374e+08 -1.07374e+08 -1.07374e+08 -1.07374e+08
0.899832 2.76043 -2.77913 0.467962 0.680507 0.563845 1 1 1 1 0.320038 0.0803069 1 -1.07374e+08 -1.07374e+08 -1.07374e+08 25 -1.07374e+08 -1.07374e+08 -1.07374e+08 -1.07374e+08 -1.07374e+08 -1.07374e+08 1 -1.07374e+08 -1.07374e+08 -1.07374e+08 -1.07374e+08
0.947696 3.00237 -2.89408 0.0611378 -0.809622 0.583758 1 1 1 1 0.322451 0.0603137 1 -1.07374e+08 -1.07374e+08 -1.07374e+08 25 -1.07374e+08 -1.07374e+08 -1.07374e+08 -1.07374e+08 -1.07374e+08 -1.07374e+08 1 -1.07374e+08 -1.07374e+08 -1.07374e+08 -1.07374e+08
0.769971 2.06068 -2.46577 0.90207 0.291563 -0.318214 1 1 1 1 0.342668 0.188302 1 -1.07374e+08 -1.07374e+08 -1.07374e+08 25 -1.07374e+08 -1.07374e+08 -1.07374e+08 -1.07374e+08 -1.07374e+08 -1.07374e+08 1 -1.07374e+08 -1.07374e+08 -1.07374e+08 -1.07374e+08
0.755423 2.04806 -2.54789 0.10339 0.940406 -0.323957 1 1 1 1 0.349452 0.181455 1 -1.07374e+08 -1.07374e+08 -1.07374e+08 25 -1.07374e+08 -1.07374e+08 -1.07374e+08 -1.07374e+08 -1.07374e+08 -1.07374e+08 1 -1.07374e+08 -1.07374e+08 -1.07374e+08 -1.07374e+08
0.708455 1.75698 -2.08274 -0.397507 0.167373 -0.902206 1 1 1 1 0.349452 0.24636 1 -1.07374e+08 -1.07374e+08 -1.07374e+08 25 -1.07374e+08 -1.07374e+08 -1.07374e+08 -1.07374e+08 -1.07374e+08 -1.07374e+08 1 -1.07374e+08 -1.07374e+08 -1.07374e+08 -1.07374e+08
0.9228 2.97851 -2.97228 -0.848077 0.27837 0.45086 1 1 1 1 0.335008 0.0603137 1 -1.07374e+08 -1.07374e+08 -1.07374e+08 25 -1.07374e+08 -1.07374e+08 -1.07374e+08 -1.07374e+08 -1.07374e+08 -1.07374e+08 1 -1.07374e+08 -1.07374e+08 -1.07374e+08 -1.07374e+08
0.829006 2.5635 -2.76686 -0.864713 0.259519 0.430025 1 1 1 1 0.321717 0.108052 1 -1.07374e+08 -1.07374e+08 -1.07374e+08 25 -1.07374e+08 -1.07374e+08 -1.07374e+08 -1.07374e+08 -1.07374e+08 -1.07374e+08 1 -1.07374e+08 -1.07374e+08 -1.07374e+08 -1.07374e+08
0.787057 2.26311 -2.70291 -0.983807 -0.0702217 0.164901 1 1 1 1 0.339016 0.162284 1 -1.07374e+08 -1.07374e+08 -1.07374e+08 25 -1.07374e+08 -1.07374e+08 -1.07374e+08 -1.07374e+08 -1.07374e+08 -1.07374e+08 1 -1.07374e+08 -1.07374e+08 -1.07374e+08 -1.07374e+08
0.789392 2.34138 -2.5009 -0.854714 0.235468 0.462622 1 1 1 1 0.321716 0.166841 1 -1.07374e+08 -1.07374e+08 -1.07374e+08 25 -1.07374e+08 -1.07374e+08 -1.07374e+08 -1.07374e+08 -1.07374e+08 -1.07374e+08 1 -1.07374e+08 -1.07374e+08 -1.07374e+08 -1.07374e+08
0.763098 2.15923 -2.44353 -0.776363 0.628137 -0.0520038 1 1 1 1 0.336043 0.183696 1 -1.07374e+08 -1.07374e+08 -1.07374e+08 25 -1.07374e+08 -1.07374e+08 -1.07374e+08 -1.07374e+08 -1.07374e+08 -1.07374e+08 1 -1.07374e+08 -1.07374e+08 -1.07374e+08 -1.07374e+08
0.711974 1.9292 -1.96597 -0.869281 0.233853 0.435502 1 1 1 1 0.321716 0.24636 1 -1.07374e+08 -1.07374e+08 -1.07374e+08 25 -1.07374e+08 -1.07374e+08 -1.07374e+08 -1.07374e+08 -1.07374e+08 -1.07374e+08 1 -1.07374e+08 -1.07374e+08 -1.07374e+08 -1.07374e+08
0.781395 2.26216 -2.55601 -0.932547 0.253599 -0.256988 1 1 1 1 0.335368 0.171267 1 -1.07374e+08 -1.07374e+08 -1.07374e+08 25 -1.07374e+08 -1.07374e+08 -1.07374e+08 -1.07374e+08 -1.07374e+08 -1.07374e+08 1 -1.07374e+08 -1.07374e+08 -1.07374e+08 -1.07374e+08
0.711974 1.9292 -1.96597 -0.869281 0.233853 0.435502 1 1 1 1 0.279279 0.073772 1 -1.07374e+08 -1.07374e+08 -1.07374e+08 25 -1.07374e+08 -1.07374e+08 -1.07374e+08 -1.07374e+08 -1.07374e+08 -1.07374e+08 1 -1.07374e+08 -1.07374e+08 -1.07374e+08 -1.07374e+08
0.67063 1.63292 -1.44054 -0.868885 0.231129 0.437741 1 1 1 1 0.279279 0.185608 1 -1.07374e+08 -1.07374e+08 -1.07374e+08 25 -1.07374e+08 -1.07374e+08 -1.07374e+08 -1.07374e+08 -1.07374e+08 -1.07374e+08 1 -1.07374e+08 -1.07374e+08 -1.07374e+08 -1.07374e+08
0.64407 1.4568 -1.10193 -0.841751 -0.439899 0.312959 1 1 1 1 0.279279 0.246513 1 -1.07374e+08 -1.07374e+08 -1.07374e+08 25 -1.07374e+08 -1.07374e+08 -1.07374e+08 -1.07374e+08 -1.07374e+08 -1.07374e+08 1 -1.07374e+08 -1.07374e+08 -1.07374e+08 -1.07374e+08
0.752408 2.06443 -2.4652 -0.577847 0.705346 0.410584 1 1 1 1 0.342668 0.188302 1 -1.07374e+08 -1.07374e+08 -1.07374e+08 25 -1.07374e+08 -1.07374e+08 -1.07374e+08 -1.07374e+08 -1.07374e+08 -1.07374e+08 1 -1.07374e+08 -1.07374e+08 -1.07374e+08 -1.07374e+08
0.772513 2.15048 -2.69412 -0.487475 -0.552161 -0.676377 1 1 1 1 0.311177 0.00237989 1 -1.07374e+08 -1.07374e+08 -1.07374e+08 25 -1.07374e+08 -1.07374e+08 -1.07374e+08 -1.07374e+08 -1.07374e+08 -1.07374e+08 1 -1.07374e+08 -1.07374e+08 -1.07374e+08 -1.07374e+08
0.804622 2.25936 -2.70348 0.599287 -0.512824 -0.614709 1 1 1 1 0.307331 0.00838774 1 -1.07374e+08 -1.07374e+08 -1.07374e+08 25 -1.07374e+08 -1.07374e+08 -1.07374e+08 -1.07374e+08 -1.07374e+08 -1.07374e+08 1 -1.07374e+08 -1.07374e+08 -1.07374e+08 -1.07374e+08
0.787057 2.26311 -2.70291 -0.983807 -0.0702217 0.164901 1 1 1 1 0.315072 0.00852126 1 -1.07374e+08 -1.07374e+08 -1.07374e+08 25 -1.07374e+08 -1.07374e+08 -1.07374e+08 -1.07374e+08 -1.07374e+08 -1.07374e+08 1 -1.07374e+08 -1.07374e+08 -1.07374e+08 -1.07374e+08
0.781395 2.26216 -2.55601 -0.932547 0.253599 -0.256988 1 1 1 1 0.315072 0.0224384 1 -1.07374e+08 -1.07374e+08 -1.07374e+08 25 -1.07374e+08 -1.07374e+08 -1.07374e+08 -1.07374e+08 -1.07374e+08 -1.07374e+08 1 -1.07374e+08 -1.07374e+08 -1.07374e+08 -1.07374e+08
0.800213 2.15131 -2.44474 0.6265 0.235901 -0.742865 1 1 1 1 0.307332 0.0372542 1 -1.07374e+08 -1.07374e+08 -1.07374e+08 25 -1.07374e+08 -1.07374e+08 -1.07374e+08 -1.07374e+08 -1.07374e+08 -1.07374e+08 1 -1.07374e+08 -1.07374e+08 -1.07374e+08 -1.07374e+08
0.763098 2.15923 -2.44353 -0.776363 0.628137 -0.0520038 1 1 1 1 0.315072 0.0369947 1 -1.07374e+08 -1.07374e+08 -1.07374e+08 25 -1.07374e+08 -1.07374e+08 -1.07374e+08 -1.07374e+08 -1.07374e+08 -1.07374e+08 1 -1.07374e+08 -1.07374e+08 -1.07374e+08 -1.07374e+08
0.818513 2.25424 -2.55721 0.395389 -0.117683 -0.910944 1 1 1 1 0.307332 0.022413 1 -1.07374e+08 -1.07374e+08 -1.07374e+08 25 -1.07374e+08 -1.07374e+08 -1.07374e+08 -1.07374e+08 -1.07374e+08 -1.07374e+08 1 -1.07374e+08 -1.07374e+08 -1.07374e+08 -1.07374e+08
0.769971 2.06068 -2.46577 0.90207 0.291563 -0.318214 1 1 1 1 0.307332 0.0464857 1 -1.07374e+08 -1.07374e+08 -1.07374e+08 25 -1.07374e+08 -1.07374e+08 -1.07374e+08 -1.07374e+08 -1.07374e+08 -1.07374e+08 1 -1.07374e+08 -1.07374e+08 -1.07374e+08 -1.07374e+08
0.752408 2.06443 -2.4652 -0.577847 0.705346 0.410584 1 1 1 1 0.315072 0.0462813 1 -1.07374e+08 -1.07374e+08 -1.07374e+08 25 -1.07374e+08 -1.07374e+08 -1.07374e+08 -1.07374e+08 -1.07374e+08 -1.07374e+08 1 -1.07374e+08 -1.07374e+08 -1.07374e+08 -1.07374e+08
0.755423 2.04806 -2.54789 0.10339 0.940406 -0.323957 1 1 1 1 0.311752 0.0521328 1 -1.07374e+08 -1.07374e+08 -1.07374e+08 25 -1.07374e+08 -1.07374e+08 -1.07374e+08 -1.07374e+08 -1.07374e+08 -1.07374e+08 1 -1.07374e+08 -1.07374e+08 -1.07374e+08 -1.07374e+08
0.774944 1.78471 -1.13406 0.914825 -0.081169 -0.39561 1 1 1 1 0.276055 0.0647818 1 -1.07374e+08 -1.07374e+08 -1.07374e+08 25 -1.07374e+08 -1.07374e+08 -1.07374e+08 -1.07374e+08 -1.07374e+08 -1.07374e+08 1 -1.07374e+08 -1.07374e+08 -1.07374e+08 -1.07374e+08
0.743484 1.83797 -1.29344 0.186911 0.96759 -0.169803 1 1 1 1 0.291887 0.0619279 1 -1.07374e+08 -1.07374e+08 -1.07374e+08 25 -1.07374e+08 -1.07374e+08 -1.07374e+08 -1.07374e+08 -1.07374e+08 -1.07374e+08 1 -1.07374e+08 -1.07374e+08 -1.07374e+08 -1.07374e+08
0.749313 1.838 -1.11418 0.445272 0.0156906 0.895258 1 1 1 1 0.276413 0.0696238 1 -1.07374e+08 -1.07374e+08 -1.07374e+08 25 -1.07374e+08 -1.07374e+08 -1.07374e+08 -1.07374e+08 -1.07374e+08 -1.07374e+08 1 -1.07374e+08 -1.07374e+08 -1.07374e+08 -1.07374e+08
0.62564 1.32356 -1.54405 0.318306 0.941361 0.111896 1 1 1 1 0.291268 0.00563788 1 -1.07374e+08 -1.07374e+08 -1.07374e+08 25 -1.07374e+08 -1.07374e+08 -1.07374e+08 -1.07374e+08 -1.07374e+08 -1.07374e+08 1 -1.07374e+08 -1.07374e+08 -1.07374e+08 -1.07374e+08
0.618165 1.26563 -1.39384 0.479584 0.218279 0.849914 1 1 1 1 0.275794 0.00695717 1 -1.07374e+08 -1.07374e+08 -1.07374e+08 25 -1.07374e+08 -1.07374e+08 -1.07374e+08 -1.07374e+08 -1.07374e+08 -1.07374e+08 1 -1.07374e+08 -1.07374e+08 -1.07374e+08 -1.07374e+08
0.647189 1.22753 -1.40898 0.833043 -0.025661 -0.552612 1 1 1 1 0.275684 0.00366318 1 -1.07374e+08 -1.07374e+08 -1.07374e+08 25 -1.07374e+08 -1.07374e+08 -1.07374e+08 -1.07374e+08 -1.07374e+08 -1.07374e+08 1 -1.07374e+08 -1.07374e+08 -1.07374e+08 -1.07374e+08
0.755266 1.66267 -0.938604 0.529416 -0.818847 0.221829 1 1 1 1 0.253902 0.0623676 1 -1.07374e+08 -1.07374e+08 -1.07374e+08 25 -1.07374e+08 -1.07374e+08 -1.07374e+08 -1.07374e+08 -1.07374e+08 -1.07374e+08 1 -1.07374e+08 -1.07374e+08 -1.07374e+08 -1.07374e+08
0.785679 1.4228 -1.12904 0.89863 0.218608 -0.380361 1 1 1 1 0.260504 0.0346624 1 -1.07374e+08 -1.07374e+08 -1.07374e+08 25 -1.07374e+08 -1.07374e+08 -1.07374e+08 -1.07374e+08 -1.07374e+08 -1.07374e+08 1 -1.07374e+08 -1.07374e+08 -1.07374e+08 -1.07374e+08
0.750457 1.40925 -1.08046 0.254782 -0.935265 -0.245694 1 1 1 1 0.253902 0.0346624 1 -1.07374e+08 -1.07374e+08 -1.07374e+08 25 -1.07374e+08 -1.07374e+08 -1.07374e+08 -1.07374e+08 -1.07374e+08 -1.07374e+08 1 -1.07374e+08 -1.07374e+08 -1.07374e+08 -1.07374e+08
0.658113 1.2499 -1.21954 0.862746 0.463384 -0.202349 1 1 1 1 0.260298 0.0137736 1 -1.07374e+08 -1.07374e+08 -1.07374e+08 25 -1.07374e+08 -1.07374e+08 -1.07374e+08 -1.07374e+08 -1.07374e+08 -1.07374e+08 1 -1.07374e+08 -1.07374e+08 -1.07374e+08 -1.07374e+08
0.637372 1.14905 -1.19599 0.0946633 -0.681575 -0.725599 1 1 1 1 0.253902 0.00585777 1 -1.07374e+08 -1.07374e+08 -1.07374e+08 25 -1.07374e+08 -1.07374e+08 -1.07374e+08 -1.07374e+08 -1.07374e+08 -1.07374e+08 1 -1.07374e+08 -1.07374e+08 -1.07374e+08 -1.07374e+08
0.731472 1.75927 -1.14647 -0.305729 0.415466 -0.85669 1 1 1 1 0.275794 0.0612682 1 -1.07374e+08 -1.07374e+08 -1.07374e+08 25 -1.07374e+08 -1.07374e+08 -1.07374e+08 -1.07374e+08 -1.07374e+08 -1.07374e+08 1 -1.07374e+08 -1.07374e+08 -1.07374e+08 -1.07374e+08
0.745868 1.63254 -1.03018 0.785927 0.435139 -0.439286 1 1 1 1 0.260504 0.0557711 1 -1.07374e+08 -1.07374e+08 -1.07374e+08 25 -1.07374e+08 -1.07374e+08 -1.07374e+08 -1.07374e+08 -1.07374e+08 -1.07374e+08 1 -1.07374e+08 -1.07374e+08 -1.07374e+08 -1.07374e+08
0.605184 1.20874 -1.41996 -0.386191 0.203439 -0.899705 1 1 1 1 0.275588 0.000800431 1 -1.07374e+08 -1.07374e+08 -1.07374e+08 25 -1.07374e+08 -1.07374e+08 -1.07374e+08 -1.07374e+08 -1.07374e+08 -1.07374e+08 1 -1.07374e+08 -1.07374e+08 -1.07374e+08 -1.07374e+08
0.703006 1.80005 -1.13172 -0.799943 0.398271 0.448855 1 1 1 1 0.276055 0.0647818 1 -1.07374e+08 -1.07374e+08 -1.07374e+08 25 -1.07374e+08 -1.07374e+08 -1.07374e+08 -1.07374e+08 -1.07374e+08 -1.07374e+08 1 -1.07374e+08 -1.07374e+08 -1.07374e+08 -1.07374e+08
0.575251 1.24287 -1.40664 -0.851464 0.445318 0.276949 1 1 1 1 0.275684 0.00366318 1 -1.07374e+08 -1.07374e+08 -1.07374e+08 25 -1.07374e+08 -1.07374e+08 -1.07374e+08 -1.07374e+08 -1.07374e+08 -1.07374e+08 1 -1.07374e+08 -1.07374e+08 -1.07374e+08 -1.07374e+08
0.683328 1.67801 -0.936267 -0.438856 -0.542069 0.716635 1 1 1 1 0.253902 0.0623676 1 -1.07374e+08 -1.07374e+08 -1.07374e+08 25 -1.07374e+08 -1.07374e+08 -1.07374e+08 -1.07374e+08 -1.07374e+08 -1.07374e+08 1 -1.07374e+08 -1.07374e+08 -1.07374e+08 -1.07374e+08
0.546042 1.47391 -1.12126 -0.481639 0.810809 0.332584 1 1 1 1 0.262296 0.0337604 1 -1.07374e+08 -1.07374e+08 -1.07374e+08 25 -1.07374e+08 -1.07374e+08 -1.07374e+08 -1.07374e+08 -1.07374e+08 -1.07374e+08 1 -1.07374e+08 -1.07374e+08 -1.07374e+08 -1.07374e+08
0.541678 1.44408 -1.05973 -0.82857 -0.465879 0.310531 1 1 1 1 0.262296 0.0337604 1 -1.07374e+08 -1.07374e+08 -1.07374e+08 25 -1.07374e+08 -1.07374e+08 -1.07374e+08 -1.07374e+08 -1.07374e+08 -1.07374e+08 1 -1.07374e+08 -1.07374e+08 -1.07374e+08 -1.07374e+08
0.683328 1.67801 -0.936267 -0.438856 -0.542069 0.716635 1 1 1 1 0.268905 0.011198 1 -1.07374e+08 -1.07374e+08 -1.07374e+08 25 -1.07374e+08 -1.07374e+08 -1.07374e+08 -1.07374e+08 -1.07374e+08 -1.07374e+08 1 -1.07374e+08 -1.07374e+08 -1.07374e+08 -1.07374e+08
0.586175 1.26524 -1.2172 -0.398468 0.816006 0.418757 1 1 1 1 0.260298 0.0137736 1 -1.07374e+08 -1.07374e+08 -1.07374e+08 25 -1.07374e+08 -1.07374e+08 -1.07374e+08 -1.07374e+08 -1.07374e+08 -1.07374e+08 1 -1.07374e+08 -1.07374e+08 -1.07374e+08 -1.07374e+08
0.565433 1.16439 -1.19365 -0.876283 -0.405189 -0.260674 1 1 1 1 0.268905 0.0572181 1 -1.07374e+08 -1.07374e+08 -1.07374e+08 25 -1.07374e+08 -1.07374e+08 -1.07374e+08 -1.07374e+08 -1.07374e+08 -1.07374e+08 1 -1.07374e+08 -1.07374e+08 -1.07374e+08 -1.07374e+08
0.673929 1.64788 -1.02784 -0.547609 0.807989 0.217434 1 1 1 1 0.260504 0.0557711 1 -1.07374e+08 -1.07374e+08 -1.07374e+08 25 -1.07374e+08 -1.07374e+08 -1.07374e+08 -1.07374e+08 -1.07374e+08 -1.07374e+08 1 -1.07374e+08 -1.07374e+08 -1.07374e+08 -1.07374e+08
0.565433 1.16439 -1.19365 -0.876283 -0.405189 -0.260674 1 1 1 1 0.253902 0.00585777 1 -1.07374e+08 -1.07374e+08 -1.07374e+08 25 -1.07374e+08 -1.07374e+08 -1.07374e+08 -1.07374e+08 -1.07374e+08 -1.07374e+08 1 -1.07374e+08 -1.07374e+08 -1.07374e+08 -1.07374e+08
0.755266 1.66267 -0.938604 0.529416 -0.818847 0.221829 1 1 1 1 0.2849 0.011198 1 -1.07374e+08 -1.07374e+08 -1.07374e+08 25 -1.07374e+08 -1.07374e+08 -1.07374e+08 -1.07374e+08 -1.07374e+08 -1.07374e+08 1 -1.07374e+08 -1.07374e+08 -1.07374e+08 -1.07374e+08
0.750457 1.40925 -1.08046 0.254782 -0.935265 -0.245694 1 1 1 1 0.291508 0.0337604 1 -1.07374e+08 -1.07374e+08 -1.07374e+08 25 -1.07374e+08 -1.07374e+08 -1.07374e+08 -1.07374e+08 -1.07374e+08 -1.07374e+08 1 -1.07374e+08 -1.07374e+08 -1.07374e+08 -1.07374e+08
0.673929 1.64788 -1.02784 -0.547609 0.807989 0.217434 1 1 1 1 0.337396 0.00477427 1 -1.07374e+08 -1.07374e+08 -1.07374e+08 25 -1.07374e+08 -1.07374e+08 -1.07374e+08 -1.07374e+08 -1.07374e+08 -1.07374e+08 1 -1.07374e+08 -1.07374e+08 -1.07374e+08 -1.07374e+08
0.785679 1.4228 -1.12904 0.89863 0.218608 -0.380361 1 1 1 1 0.32694 0.0313615 1 -1.07374e+08 -1.07374e+08 -1.07374e+08 25 -1.07374e+08 -1.07374e+08 -1.07374e+08 -1.07374e+08 -1.07374e+08 -1.07374e+08 1 -1.07374e+08 -1.07374e+08 -1.07374e+08 -1.07374e+08
0.546042 1.47391 -1.12126 -0.481639 0.810809 0.332584 1 1 1 1 0.32694 0.00146127 1 -1.07374e+08 -1.07374e+08 -1.07374e+08 25 -1.07374e+08 -1.07374e+08 -1.07374e+08 -1.07374e+08 -1.07374e+08 -1.07374e+08 1 -1.07374e+08 -1.07374e+08 -1.07374e+08 -1.07374e+08
0.745868 1.63254 -1.03018 0.785927 0.435139 -0.439286 1 1 1 1 0.337396 0.0280489 1 -1.07374e+08 -1.07374e+08 -1.07374e+08 25 -1.07374e+08 -1.07374e+08 -1.07374e+08 -1.07374e+08 -1.07374e+08 -1.07374e+08 1 -1.07374e+08 -1.07374e+08 -1.07374e+08 -1.07374e+08
0.637372 1.14905 -1.19599 0.0946633 -0.681575 -0.725599 1 1 1 1 0.2849 0.0572181 1 -1.07374e+08 -1.07374e+08 -1.07374e+08 25 -1.07374e+08 -1.07374e+08 -1.07374e+08 -1.07374e+08 -1.07374e+08 -1.07374e+08 1 -1.07374e+08 -1.07374e+08 -1.07374e+08 -1.07374e+08
0.658113 1.2499 -1.21954 0.862746 0.463384 -0.202349 1 1 1 1 0.316593 0.0280491 1 -1.07374e+08 -1.07374e+08 -1.07374e+08 25 -1.07374e+08 -1.07374e+08 -1.07374e+08 -1.07374e+08 -1.07374e+08 -1.07374e+08 1 -1.07374e+08 -1.07374e+08 -1.07374e+08 -1.07374e+08
0.586175 1.26524 -1.2172 -0.398468 0.816006 0.418757 1 1 1 1 0.316593 0.00477409 1 -1.07374e+08 -1.07374e+08 -1.07374e+08 25 -1.07374e+08 -1.07374e+08 -1.07374e+08 -1.07374e+08 -1.07374e+08 -1.07374e+08 1 -1.07374e+08 -1.07374e+08 -1.07374e+08 -1.07374e+08
0.546042 1.47391 -1.12126 -0.481639 0.810809 0.332584 1 1 1 1 0.260504 0.0346624 1 -1.07374e+08 -1.07374e+08 -1.07374e+08 25 -1.07374e+08 -1.07374e+08 -1.07374e+08 -1.07374e+08 -1.07374e+08 -1.07374e+08 1 -1.07374e+08 -1.07374e+08 -1.07374e+08 -1.07374e+08
0.723082 1.43832 -1.11554 0.84876 -0.269559 -0.454912 1 1 1 1 0.299372 0.0021013 1 -1.07374e+08 -1.07374e+08 -1.07374e+08 25 -1.07374e+08 -1.07374e+08 -1.07374e+08 -1.07374e+08 -1.07374e+08 -1.07374e+08 1 -1.07374e+08 -1.07374e+08 -1.07374e+08 -1.07374e+08
0.634597 1.2217 -0.510254 0.489977 0.472899 0.732317 1 1 1 1 0.306011 0.0463872 1 -1.07374e+08 -1.07374e+08 -1.07374e+08 25 -1.07374e+08 -1.07374e+08 -1.07374e+08 -1.07374e+08 -1.07374e+08 -1.07374e+08 1 -1.07374e+08 -1.07374e+08 -1.07374e+08 -1.07374e+08
0.656699 1.16436 -0.536448 0.883168 0.257624 -0.391974 1 1 1 1 0.299372 0.0463914 1 -1.07374e+08 -1.07374e+08 -1.07374e+08 25 -1.07374e+08 -1.07374e+08 -1.07374e+08 -1.07374e+08 -1.07374e+08 -1.07374e+08 1 -1.07374e+08 -1.07374e+08 -1.07374e+08 -1.07374e+08
0.684788 1.50496 -1.08585 0.412816 -0.135784 0.900636 1 1 1 1 0.30601 0.00211096 1 -1.07374e+08 -1.07374e+08 -1.07374e+08 25 -1.07374e+08 -1.07374e+08 -1.07374e+08 -1.07374e+08 -1.07374e+08 -1.07374e+08 1 -1.07374e+08 -1.07374e+08 -1.07374e+08 -1.07374e+08
0.750633 1.10675 -0.465541 0.842345 -0.302255 -0.446203 1 1 1 1 0.299372 0.0535076 1 -1.07374e+08 -1.07374e+08 -1.07374e+08 25 -1.07374e+08 -1.07374e+08 -1.07374e+08 -1.07374e+08 -1.07374e+08 -1.07374e+08 1 -1.07374e+08 -1.07374e+08 -1.07374e+08 -1.07374e+08
0.660367 1.3986 -1.13934 -0.412849 0.0945124 -0.905882 1 1 1 1 0.293346 0.00209314 1 -1.07374e+08 -1.07374e+08 -1.07374e+08 25 -1.07374e+08 -1.07374e+08 -1.07374e+08 -1.07374e+08 -1.07374e+08 -1.07374e+08 1 -1.07374e+08 -1.07374e+08 -1.07374e+08 -1.07374e+08
0.612612 1.12591 -0.558182 -0.183214 0.651501 -0.736192 1 1 1 1 0.293336 0.046395 1 -1.07374e+08 -1.07374e+08 -1.07374e+08 25 -1.07374e+08 -1.07374e+08 -1.07374e+08 -1.07374e+08 -1.07374e+08 -1.07374e+08 1 -1.07374e+08 -1.07374e+08 -1.07374e+08 -1.07374e+08
0.612184 1.09725 -0.383168 -0.281566 -0.959157 -0.0271942 1 1 1 1 0.299372 0.0609804 1 -1.07374e+08 -1.07374e+08 -1.07374e+08 25 -1.07374e+08 -1.07374e+08 -1.07374e+08 -1.07374e+08 -1.07374e+08 -1.07374e+08 1 -1.07374e+08 -1.07374e+08 -1.07374e+08 -1.07374e+08
0.590716 1.01745 -0.52018 -0.430586 0.0474771 -0.9013 1 1 1 1 0.287824 0.0535075 1 -1.07374e+08 -1.07374e+08 -1.07374e+08 25 -1.07374e+08 -1.07374e+08 -1.07374e+08 -1.07374e+08 -1.07374e+08 -1.07374e+08 1 -1.07374e+08 -1.07374e+08 -1.07374e+08 -1.07374e+08
0.647575 1.26516 -0.396045 0.386773 -0.201643 0.899859 1 1 1 1 0.312141 0.0535076 1 -1.07374e+08 -1.07374e+08 -1.07374e+08 25 -1.07374e+08 -1.07374e+08 -1.07374e+08 -1.07374e+08 -1.07374e+08 -1.07374e+08 1 -1.07374e+08 -1.07374e+08 -1.07374e+08 -1.07374e+08
0.620896 1.46011 -1.11223 -0.883448 0.241475 0.401509 1 1 1 1 0.299372 0.0021013 1 -1.07374e+08 -1.07374e+08 -1.07374e+08 25 -1.07374e+08 -1.07374e+08 -1.07374e+08 -1.07374e+08 -1.07374e+08 -1.07374e+08 1 -1.07374e+08 -1.07374e+08 -1.07374e+08 -1.07374e+08
0.589465 1.17869 -0.534264 -0.629159 0.691642 0.354669 1 1 1 1 0.299372 0.0463914 1 -1.07374e+08 -1.07374e+08 -1.07374e+08 25 -1.07374e+08 -1.07374e+08 -1.07374e+08 -1.07374e+08 -1.07374e+08 -1.07374e+08 1 -1.07374e+08 -1.07374e+08 -1.07374e+08 -1.07374e+08
0.484806 1.16344 -0.456907 -0.894003 0.183217 0.408889 1 1 1 1 0.299372 0.0535076 1 -1.07374e+08 -1.07374e+08 -1.07374e+08 25 -1.07374e+08 -1.07374e+08 -1.07374e+08 -1.07374e+08 -1.07374e+08 -1.07374e+08 1 -1.07374e+08 -1.07374e+08 -1.07374e+08 -1.07374e+08
0 1 2 0 3 4 3 0 2 3 5 6 3 7 4 7 3 8 9 10 11 10 9 12 13 14 15 14 13 16 16 17 14 17 16 18 19 18 16 18 19 20 21 16 13 16 21 19 22 12 9 12 22 23 3 22 9 22 3 6 2 24 3 24 2 25 1 25 2 24 5 3 3 11 8 11 3 9 12 26 10 12 27 26 27 12 28 0 29 1 0 30 29 30 0 4 30 6 5 30 7 31 7 30 4 32 33 34 33 32 35 36 14 37 14 36 15 37 17 38 17 37 14 19 38 20 38 19 37 21 37 19 37 21 36 22 34 23 34 22 32 30 22 6 22 30 32 29 24 25 24 29 30 1 29 25 24 30 5 30 35 32 35 30 31 34 33 39 34 27 28 27 34 39 40 41 42 43 44 45 44 43 46 17 18 38 38 18 20 42 46 43 46 42 41 45 47 48 47 45 44 48 47 49 50 51 52 53 54 55 50 52 56 57 56 58 54 59 55 57 58 60 61 51 50 62 61 50 62 50 56 53 55 63 59 60 55 60 63 55 64 52 51 53 65 54 64 66 52 67 68 69 54 65 70 71 68 67 61 64 51 72 64 61 72 66 64 53 63 65 70 65 73 73 65 63 66 56 52 68 74 69 74 68 75 76 77 78 77 76 79 70 59 54 71 75 68 75 71 80 78 81 82 81 78 77 61 62 72 63 60 73 57 62 56 59 57 60 70 73 83 83 66 72 84 85 86 85 84 87 85 88 86 89 86 90 86 89 84 88 90 86 91 92 88 93 91 88 94 85 87 85 94 95 85 95 96 89 95 94 95 89 90 96 95 90 91 96 92 93 96 91 96 90 92 88 92 90 85 93 88 85 96 93 
9 1 mob04.bmp þþþþþþþþþþþþþþþþþþþþ
45
1 0 0 0 0 1 0 0 0 0 1 0 -0 -0 -0 1
1 0 0 0 0 1 0 0 0 0 1 0 -0 -0 -0 1
-0.905463 -0.164429 0.39128 0 -0.178681 0.983907 -1.65999e-05 0 -0.38498 -0.0699293 -0.920272 0 0.273191 -1.50433 2.53801e-05 1
1 0 0 0 0 1 0 0 0 0 1 0 -0 0.0026522 -0 1
-0.1184 0.407577 -0.905462 0 0.977394 -0.113023 -0.178681 0 -0.175165 -0.906149 -0.384981 0 -1.49437 0.172805 0.269018 1
-0.0565122 0.377899 -0.92412 0 0.996246 -0.0394542 -0.0770568 0 -0.0655801 -0.925005 -0.374251 0 -1.75273 0.0689247 0.107636 1
0.0884016 -0.963096 -0.254226 0 -0.650238 -0.249139 0.717719 0 -0.75457 0.10186 -0.648266 0 0.810508 0.482201 -1.19135 1
0.265938 -0.963096 -0.0415016 0 -0.939158 -0.249139 -0.236458 0 0.217392 0.10186 -0.970755 0 1.03588 0.482201 -0.589371 1
0.00544454 -0.992283 -0.123875 0 -0.999967 -0.00615384 0.00534393 0 -0.00606501 0.123842 -0.992283 0 0.277401 0.438843 -0.643635 1
-0.12293 -0.992283 -0.0162204 0 -0.0818293 -0.00615397 0.996627 0 -0.989036 0.123842 -0.0804412 0 -0.925744 0.438843 -0.0867495 1
-0.12293 0.992283 -0.0162204 0 -0.0818293 0.00615397 0.996627 0 -0.989036 -0.123842 -0.0804412 0 -1.08955 -0.438843 -0.0867495 1
-0.610659 -0.357729 -0.706488 0 -0.780393 0.423346 0.460178 0 0.13447 0.83235 -0.537689 0 1.12557 -0.864794 -0.672928 1
0.227859 -0.357729 -0.905599 0 -0.824821 0.423346 -0.374764 0 0.517446 0.83235 -0.198599 0 0.712822 -0.864794 -0.155527 1
-0.00390802 -0.188641 -0.982038 0 -0.999839 0.0179379 0.000533147 0 0.0175151 0.981882 -0.188681 0 0.293373 -0.767203 -0.312076 1
-0.978642 -0.188641 -0.0816974 0 -0.0866108 0.0179379 0.996081 0 -0.186436 0.981882 -0.0338932 0 -0.594055 -0.767203 -0.0737629 1
-0.978642 -0.188641 -0.0816974 0 -0.0866108 0.0179379 0.996081 0 -0.186436 0.981882 -0.0338932 0 -0.757863 -0.767202 -0.0737629 1
0.0584248 0.257444 0.964525 0 -0.995532 0.0868191 0.0371299 0 -0.0741803 -0.962385 0.261366 0 1.48699 -0.0805844 -0.408905 1
0.964572 -0.257441 0.0576568 0 0.0363374 -0.086819 -0.995561 0 0.261304 0.962386 -0.0743884 0 -0.408079 0.0805833 1.0375 1
0.0294648 0.486615 -0.873119 0 0.998538 -0.0539271 0.0036421 0 -0.0453125 -0.87195 -0.487493 0 -2.05988 0.105095 -0.0597317 1
-0.163504 0.366075 -0.916109 0 0.985633 0.0207518 -0.167621 0 -0.0423508 -0.930354 -0.364209 0 -2.54188 -0.0926316 0.393151 1
-0.0288576 0.999195 -0.0278494 0 0.944458 0.018131 -0.328133 0 -0.327364 -0.0357718 -0.944221 0 -2.56334 -0.0093804 0.829966 1
-0.0288576 0.999195 -0.0278494 0 0.944458 0.018131 -0.328133 0 -0.327364 -0.0357718 -0.944221 0 -2.8946 -0.0093804 0.829966 1
0.541972 0.343134 0.767154 0 -0.54065 0.841229 0.00568703 0 -0.6434 -0.417843 0.641438 0 1.0348 -2.3124 0.0264468 1
0.7033 -0.0596704 0.708384 0 -0.652895 0.340007 0.676849 0 -0.281243 -0.938528 0.200168 0 1.1554 -1.23897 -1.7529 1
0.00951183 -0.0596704 0.998173 0 -0.939967 0.340007 0.0292827 0 -0.341133 -0.938528 -0.0528542 0 1.63795 -1.23897 -0.851558 1
-0.189216 -0.192724 -0.962837 0 -0.848586 -0.461272 0.259093 0 -0.494063 0.866074 -0.0762631 0 1.04009 1.55852 0.278286 1
-0.544534 -0.0127553 -0.838641 0 -0.71311 -0.51933 0.470925 0 -0.441538 0.854478 0.273697 0 0.958351 1.48857 0.243277 1
-0.985093 -0.0127553 0.17155 0 0.153136 -0.51933 0.840741 0 0.0783676 0.854478 0.513542 0 0.543537 1.48857 -0.653616 1
-0.985093 -0.0127553 0.17155 0 0.153136 -0.51933 0.840741 0 0.0783676 0.854478 0.513542 0 0.397878 1.48857 -0.653616 1
0.00951184 0.386821 0.922106 0 -0.939967 0.318048 -0.123724 0 -0.341133 -0.865572 0.366624 0 1.63795 -1.48757 -0.217599 1
0.00951183 0.753952 0.65686 0 -0.939967 0.230838 -0.251348 0 -0.341133 -0.615036 0.710886 0 1.4761 -1.43097 0.461002 1
0.00951183 0.966403 0.256854 0 -0.939967 0.0962704 -0.327405 0 -0.341133 -0.23832 0.909303 0 1.31425 -1.0808 1.04502 1
-0.0143041 -0.0279508 0.999507 0 -0.145416 -0.988924 -0.0297359 0 0.989267 -0.145769 0.0100812 0 0.0778354 2.55332 0.200981 1
-0.749165 0.662231 -0.0142148 0 -0.627702 -0.702923 0.334499 0 0.211524 0.259518 0.942289 0 1.35558 1.7039 -1.36142 1
-0.61678 0.662231 -0.425479 0 -0.708039 -0.702923 -0.0676709 0 -0.343893 0.259518 0.902434 0 1.40143 1.7039 -0.70484 1
-0.509759 -0.780168 0.362606 0 -0.816191 0.571809 0.0828634 0 -0.271989 -0.253716 -0.928251 0 1.16619 -1.57287 0.63637 1
-0.29671 -0.687524 0.662777 0 -0.754562 0.594172 0.278558 0 -0.585319 -0.417456 -0.695076 0 1.20954 -1.43818 0.523808 1
-0.29671 -0.687524 0.662777 0 -0.754562 0.594172 0.278558 0 -0.585319 -0.417456 -0.695076 0 1.06572 -1.43818 0.523808 1
-0.29671 0.687524 0.662777 0 -0.754562 -0.594172 0.278558 0 -0.585319 0.417456 -0.695076 0 0.920057 1.43818 0.523808 1
-0.61678 0.776819 -0.12702 0 -0.708039 -0.618032 -0.341638 0 -0.343893 -0.12078 0.931209 0 1.40143 1.84367 0.030926 1
-0.61678 0.76326 0.192394 0 -0.708039 -0.431189 -0.559247 0 -0.343893 -0.481154 0.806367 0 1.23957 1.6793 0.76159 1
-0.61678 0.623792 0.480069 0 -0.708039 -0.173214 -0.6846 0 -0.343893 -0.762155 0.548504 0 1.07772 1.23791 1.36662 1
0.939427 0.173125 0.295811 0 -0.339884 0.35921 0.869164 0 0.0442163 -0.917058 0.396294 0 1.47731 0.0609457 -0.892301 1
0.950393 -0.201877 -0.236642 0 0.296626 0.35921 0.884862 0 -0.0936291 -0.911161 0.401273 0 -1.46965 0.102413 -0.968096 1
1 0 0 0 0 1 0 0 0 0 1 0 -0 -1.73704 -0 1
